2,CREDIT,425498.0,C16846646,0.0,0.0,C77477699,0.0,0.0,0,0
2,TRANSFER,745200.0,C49193175,0.0,0.0,M74025094,0.0,0.0,0,0
2,CASH_OUT,472639.0,C9887080,0.0,0.0,C33560869,0.0,0.0,0,0
2,TRANSFER,1452489.0,C47813981,0.0,0.0,M67812442,0.0,0.0,1,1
2,DEBIT,482576.0,C71270303,0.0,0.0,M54059294,0.0,0.0,0,0
2,CREDIT,724920.0,C39773535,0.0,0.0,C43317155,0.0,0.0,0,0
2,CASH_IN,262775.0,C88650203,0.0,0.0,C77593007,0.0,0.0,0,0
2,CREDIT,996693.0,C20984370,0.0,0.0,C75684475,0.0,0.0,0,0
2,DEBIT,385158.0,C36520053,0.0,0.0,M59036032,0.0,0.0,0,0
2,CREDIT,1460835.0,C32281061,0.0,0.0,M50798878,0.0,0.0,0,1
2,PAYMENT,1029458.0,C88025219,0.0,0.0,M57213802,0.0,0.0,0,0
